learning_rate: 0.000900
training_epochs: 700
batch_size: 4660
train/test: 0.900 / 0.100
Cost: 0.000000
Acc: 0.950327

